function D = dec(m)
D=[          0         0         0
         0         0         0
         0         0         0
         0         0         0
         0         0         0
         0         0         0
    0.7529         0    1.0000
    0.7529         0    1.0000
    0.7529         0    1.0000
    0.7529         0    1.0000
    0.7529         0    1.0000
    0.7529         0    1.0000
    0.7529         0    1.0000
    0.7529         0    1.0000
    0.7529         0    1.0000
    0.7529         0    1.0000
    0.7529         0    1.0000
         0         0         0
         0         0         0
         0         0         0
         0         0         0
         0         0         0
         0         0         0
    0.5020         0    1.0000
    0.5020         0    1.0000
    0.5020         0    1.0000
    0.5020         0    1.0000
    0.5020         0    1.0000
    0.5020         0    1.0000
    0.5020         0    1.0000
    0.5020         0    1.0000
    0.5020         0    1.0000
    0.5020         0    1.0000
    0.5020         0    1.0000
    0.5020         0    1.0000
         0         0         0
         0         0         0
         0         0         0
         0         0         0
         0         0         0
         0         0         0
         0         0    1.0000
         0         0    1.0000
         0         0    1.0000
         0         0    1.0000
         0         0    1.0000
         0         0    1.0000
         0         0    1.0000
         0         0    1.0000
         0         0    1.0000
         0         0    1.0000
         0         0    1.0000
         0         0         0
         0         0         0
         0         0         0
         0         0         0
         0         0         0
         0         0         0
         0    0.6667    1.0000
         0    0.6667    1.0000
         0    0.6667    1.0000
         0    0.6667    1.0000
         0    0.6667    1.0000
         0    0.6667    1.0000
         0    0.6667    1.0000
         0    0.6667    1.0000
         0    0.6667    1.0000
         0    0.6667    1.0000
         0    0.6667    1.0000
         0         0         0
         0         0         0
         0         0         0
         0         0         0
         0         0         0
         0         0         0
         0    1.0000    0.6667
         0    1.0000    0.6667
         0    1.0000    0.6667
         0    1.0000    0.6667
         0    1.0000    0.6667
         0    1.0000    0.6667
         0    1.0000    0.6667
         0    1.0000    0.6667
         0    1.0000    0.6667
         0    1.0000    0.6667
         0    1.0000    0.6667
         0         0         0
         0         0         0
         0         0         0
         0         0         0
         0         0         0
         0         0         0
         0    1.0000         0
         0    1.0000         0
         0    1.0000         0
         0    1.0000         0
         0    1.0000         0
         0    1.0000         0
         0    1.0000         0
         0    1.0000         0
         0    1.0000         0
         0    1.0000         0
         0    1.0000         0
         0         0         0
         0         0         0
         0         0         0
         0         0         0
         0         0         0
         0         0         0
    0.6667    1.0000         0
    0.6667    1.0000         0
    0.6667    1.0000         0
    0.6667    1.0000         0
    0.6667    1.0000         0
    0.6667    1.0000         0
    0.6667    1.0000         0
    0.6667    1.0000         0
    0.6667    1.0000         0
    0.6667    1.0000         0
    0.6667    1.0000         0
         0         0         0
         0         0         0
         0         0         0
         0         0         0
         0         0         0
         0         0         0
    1.0000    1.0000         0
    1.0000    1.0000         0
    1.0000    1.0000         0
    1.0000    1.0000         0
    1.0000    1.0000         0
    1.0000    1.0000         0
    1.0000    1.0000         0
    1.0000    1.0000         0
    1.0000    1.0000         0
    1.0000    1.0000         0
    1.0000    1.0000         0
         0         0         0
         0         0         0
         0         0         0
         0         0         0
         0         0         0
         0         0         0
    1.0000    0.7529         0
    1.0000    0.7529         0
    1.0000    0.7529         0
    1.0000    0.7529         0
    1.0000    0.7529         0
    1.0000    0.7529         0
    1.0000    0.7529         0
    1.0000    0.7529         0
    1.0000    0.7529         0
    1.0000    0.7529         0
    1.0000    0.7529         0
         0         0         0
         0         0         0
         0         0         0
         0         0         0
         0         0         0
         0         0         0
    1.0000    0.5020         0
    1.0000    0.5020         0
    1.0000    0.5020         0
    1.0000    0.5020         0
    1.0000    0.5020         0
    1.0000    0.5020         0
    1.0000    0.5020         0
    1.0000    0.5020         0
    1.0000    0.5020         0
    1.0000    0.5020         0
    1.0000    0.5020         0
         0         0         0
         0         0         0
         0         0         0
         0         0         0
         0         0         0
         0         0         0
    1.0000    0.3333         0
    1.0000    0.3333         0
    1.0000    0.3333         0
    1.0000    0.3333         0
    1.0000    0.3333         0
    1.0000    0.3333         0
    1.0000    0.3333         0
    1.0000    0.3333         0
    1.0000    0.3333         0
    1.0000    0.3333         0
    1.0000    0.3333         0
         0         0         0
         0         0         0
         0         0         0
         0         0         0
         0         0         0
         0         0         0
    1.0000         0         0
    1.0000         0         0
    1.0000         0         0
    1.0000         0         0
    1.0000         0         0
    1.0000         0         0
    1.0000         0         0
    1.0000         0         0
    1.0000         0         0
    1.0000         0         0
    1.0000         0         0
         0         0         0
         0         0         0
         0         0         0
         0         0         0
         0         0         0
         0         0         0
    1.0000         0    0.5020
    1.0000         0    0.5020
    1.0000         0    0.5020
    1.0000         0    0.5020
    1.0000         0    0.5020
    1.0000         0    0.5020
    1.0000         0    0.5020
    1.0000         0    0.5020
    1.0000         0    0.5020
    1.0000         0    0.5020
    1.0000         0    0.5020
         0         0         0
         0         0         0
         0         0         0
         0         0         0
         0         0         0
         0         0         0
    1.0000         0    1.0000
    1.0000         0    1.0000
    1.0000         0    1.0000
    1.0000         0    1.0000
    1.0000         0    1.0000
    1.0000         0    1.0000
    1.0000         0    1.0000
    1.0000         0    1.0000
    1.0000         0    1.0000
    1.0000         0    1.0000
    1.0000         0    1.0000
         0         0         0
         0         0         0
         0         0         0
         0         0         0
         0         0         0
         0         0         0
    1.0000    1.0000    1.0000
    1.0000    1.0000    1.0000
    1.0000    1.0000    1.0000
    1.0000    1.0000    1.0000
    1.0000    1.0000    1.0000
    1.0000    1.0000    1.0000
    1.0000    1.0000    1.0000
    1.0000    1.0000    1.0000
    1.0000    1.0000    1.0000
    1.0000    1.0000    1.0000
    1.0000    1.0000    1.0000
];