function D = dec(m)
D=[               0         0         0
         0         0         0
         0         0         0
         0         0         0
         0         0         0
         0         0         0
         0         0         0
    0.7529         0    1.0000
    0.7529         0    1.0000
    0.7529         0    1.0000
    0.7529         0    1.0000
    0.7529         0    1.0000
    0.7529         0    1.0000
    0.7529         0    1.0000
    0.7529         0    1.0000
    0.7529         0    1.0000
    0.7529         0    1.0000
    0.7529         0    1.0000
         0         0         0
         0         0         0
         0         0         0
         0         0         0
         0         0         0
    0.5020         0    1.0000
    0.5020         0    1.0000
    0.5020         0    1.0000
    0.5020         0    1.0000
    0.5020         0    1.0000
    0.5020         0    1.0000
    0.5020         0    1.0000
    0.5020         0    1.0000
    0.5020         0    1.0000
    0.5020         0    1.0000
    0.5020         0    1.0000
    0.5020         0    1.0000
         0         0         0
         0         0         0
         0         0         0
         0         0         0
         0         0         0
         0         0    1.0000
         0         0    1.0000
         0         0    1.0000
         0         0    1.0000
         0         0    1.0000
         0         0    1.0000
         0         0    1.0000
         0         0    1.0000
         0         0    1.0000
         0         0    1.0000
         0         0    1.0000
         0         0    1.0000
         0         0         0
         0         0         0
         0         0         0
         0         0         0
         0         0         0
         0    0.6667    1.0000
         0    0.6667    1.0000
         0    0.6667    1.0000
         0    0.6667    1.0000
         0    0.6667    1.0000
         0    0.6667    1.0000
         0    0.6667    1.0000
         0    0.6667    1.0000
         0    0.6667    1.0000
         0    0.6667    1.0000
         0    0.6667    1.0000
         0    0.6667    1.0000
         0         0         0
         0         0         0
         0         0         0
         0         0         0
         0         0         0
         0    1.0000    0.6667
         0    1.0000    0.6667
         0    1.0000    0.6667
         0    1.0000    0.6667
         0    1.0000    0.6667
         0    1.0000    0.6667
         0    1.0000    0.6667
         0    1.0000    0.6667
         0    1.0000    0.6667
         0    1.0000    0.6667
         0    1.0000    0.6667
         0    1.0000    0.6667
         0         0         0
         0         0         0
         0         0         0
         0         0         0
         0         0         0
         0    1.0000         0
         0    1.0000         0
         0    1.0000         0
         0    1.0000         0
         0    1.0000         0
         0    1.0000         0
         0    1.0000         0
         0    1.0000         0
         0    1.0000         0
         0    1.0000         0
         0    1.0000         0
         0    1.0000         0
         0         0         0
         0         0         0
         0         0         0
         0         0         0
         0         0         0
    0.7059    1.0000         0
    0.7059    1.0000         0
    0.7059    1.0000         0
    0.7059    1.0000         0
    0.7059    1.0000         0
    0.7059    1.0000         0
    0.7059    1.0000         0
    0.7059    1.0000         0
    0.7059    1.0000         0
    0.7059    1.0000         0
    0.7059    1.0000         0
    0.7059    1.0000         0
         0         0         0
         0         0         0
         0         0         0
         0         0         0
         0         0         0
    1.0000    1.0000         0
    1.0000    1.0000         0
    1.0000    1.0000         0
    1.0000    1.0000         0
    1.0000    1.0000         0
    1.0000    1.0000         0
    1.0000    1.0000         0
    1.0000    1.0000         0
    1.0000    1.0000         0
    1.0000    1.0000         0
    1.0000    1.0000         0
    1.0000    1.0000         0
         0         0         0
         0         0         0
         0         0         0
         0         0         0
         0         0         0
    1.0000    0.8314         0
    1.0000    0.8314         0
    1.0000    0.8314         0
    1.0000    0.8314         0
    1.0000    0.8314         0
    1.0000    0.8314         0
    1.0000    0.8314         0
    1.0000    0.8314         0
    1.0000    0.8314         0
    1.0000    0.8314         0
    1.0000    0.8314         0
    1.0000    0.8314         0
         0         0         0
         0         0         0
         0         0         0
         0         0         0
         0         0         0
    1.0000    0.5804         0
    1.0000    0.5804         0
    1.0000    0.5804         0
    1.0000    0.5804         0
    1.0000    0.5804         0
    1.0000    0.5804         0
    1.0000    0.5804         0
    1.0000    0.5804         0
    1.0000    0.5804         0
    1.0000    0.5804         0
    1.0000    0.5804         0
    1.0000    0.5804         0
         0         0         0
         0         0         0
         0         0         0
         0         0         0
         0         0         0
    1.0000    0.45           0
    1.0000    0.45           0
    1.0000    0.45           0
    1.0000    0.45           0
    1.0000    0.45           0
    1.0000    0.45           0
    1.0000    0.45           0
    1.0000    0.45           0
    1.0000    0.45           0
    1.0000    0.45           0
    1.0000    0.45           0
    1.0000    0.45           0
         0         0         0
         0         0         0
         0         0         0
         0         0         0
         0         0         0
    1.0000         0         0
    1.0000         0         0
    1.0000         0         0
    1.0000         0         0
    1.0000         0         0
    1.0000         0         0
    1.0000         0         0
    1.0000         0         0
    1.0000         0         0
    1.0000         0         0
    1.0000         0         0
    1.0000         0         0
         0         0         0
         0         0         0
         0         0         0
         0         0         0
         0         0         0
    1.0000         0    0.5804
    1.0000         0    0.5804
    1.0000         0    0.5804
    1.0000         0    0.5804
    1.0000         0    0.5804
    1.0000         0    0.5804
    1.0000         0    0.5804
    1.0000         0    0.5804
    1.0000         0    0.5804
    1.0000         0    0.5804
    1.0000         0    0.5804
    1.0000         0    0.5804
         0         0         0
         0         0         0
         0         0         0
         0         0         0
         0         0         0
    1.0000         0    1.0000
    1.0000         0    1.0000
    1.0000         0    1.0000
    1.0000         0    1.0000
    1.0000         0    1.0000
    1.0000         0    1.0000
    1.0000         0    1.0000
    1.0000         0    1.0000
    1.0000         0    1.0000
    1.0000         0    1.0000
    1.0000         0    1.0000
    1.0000         0    1.0000
         0         0         0
         0         0         0
         0         0         0
         0         0         0
         0         0         0
    1.0000    1.0000    1.0000
    1.0000    1.0000    1.0000
    1.0000    1.0000    1.0000
    1.0000    1.0000    1.0000
    1.0000    1.0000    1.0000
    1.0000    1.0000    1.0000
    1.0000    1.0000    1.0000
    1.0000    1.0000    1.0000
    1.0000    1.0000    1.0000
    1.0000    1.0000    1.0000
    1.0000    1.0000    1.0000
    1.0000    1.0000    1.0000
   ];