function D = dec(m)
D=[
         0         0         0
         0         0         0
         0         0         0
         0         0         0
         0         0         0
         0         0         0
         0         0         0
    0.7529         0    1.0000
    0.7529         0    1.0000
    0.7529         0    1.0000
    0.7529         0    1.0000
    0.7529         0    1.0000
    0.7529         0    1.0000
    0.7529         0    1.0000
    0.7529         0    1.0000
    0.7529         0    1.0000
    0.7529         0    1.0000
    0.7529         0    1.0000
    0.6275         0    1.0000
    0.6275         0    1.0000
    0.6275         0    1.0000
    0.6275         0    1.0000
    0.6275         0    1.0000
    0.5020         0    1.0000
    0.5020         0    1.0000
    0.5020         0    1.0000
    0.5020         0    1.0000
    0.5020         0    1.0000
    0.5020         0    1.0000
    0.5020         0    1.0000
    0.5020         0    1.0000
    0.5020         0    1.0000
    0.5020         0    1.0000
    0.5020         0    1.0000
    0.5020         0    1.0000
    0.2510         0    1.0000
    0.2510         0    1.0000
    0.2510         0    1.0000
    0.2510         0    1.0000
    0.2510         0    1.0000
         0         0    1.0000
         0         0    1.0000
         0         0    1.0000
         0         0    1.0000
         0         0    1.0000
         0         0    1.0000
         0         0    1.0000
         0         0    1.0000
         0         0    1.0000
         0         0    1.0000
         0         0    1.0000
         0         0    1.0000
         0    0.3333    1.0000
         0    0.3333    1.0000
         0    0.3333    1.0000
         0    0.3333    1.0000
         0    0.3333    1.0000
         0    0.6667    1.0000
         0    0.6667    1.0000
         0    0.6667    1.0000
         0    0.6667    1.0000
         0    0.6667    1.0000
         0    0.6667    1.0000
         0    0.6667    1.0000
         0    0.6667    1.0000
         0    0.6667    1.0000
         0    0.6667    1.0000
         0    0.6667    1.0000
         0    0.6667    1.0000
         0    0.8314    0.8314
         0    0.8314    0.8314
         0    0.8314    0.8314
         0    0.8314    0.8314
         0    0.8314    0.8314
         0    1.0000    0.6667
         0    1.0000    0.6667
         0    1.0000    0.6667
         0    1.0000    0.6667
         0    1.0000    0.6667
         0    1.0000    0.6667
         0    1.0000    0.6667
         0    1.0000    0.6667
         0    1.0000    0.6667
         0    1.0000    0.6667
         0    1.0000    0.6667
         0    1.0000    0.6667
         0    1.0000    0.3333
         0    1.0000    0.3333
         0    1.0000    0.3333
         0    1.0000    0.3333
         0    1.0000    0.3333
         0    1.0000         0
         0    1.0000         0
         0    1.0000         0
         0    1.0000         0
         0    1.0000         0
         0    1.0000         0
         0    1.0000         0
         0    1.0000         0
         0    1.0000         0
         0    1.0000         0
         0    1.0000         0
         0    1.0000         0
    0.3529    1.0000         0
    0.3529    1.0000         0
    0.3529    1.0000         0
    0.3529    1.0000         0
    0.3529    1.0000         0
    0.7059    1.0000         0
    0.7059    1.0000         0
    0.7059    1.0000         0
    0.7059    1.0000         0
    0.7059    1.0000         0
    0.7059    1.0000         0
    0.7059    1.0000         0
    0.7059    1.0000         0
    0.7059    1.0000         0
    0.7059    1.0000         0
    0.7059    1.0000         0
    0.7059    1.0000         0
    0.8627    1.0000         0
    0.8627    1.0000         0
    0.8627    1.0000         0
    0.8627    1.0000         0
    0.8627    1.0000         0
    1.0000    1.0000         0
    1.0000    1.0000         0
    1.0000    1.0000         0
    1.0000    1.0000         0
    1.0000    1.0000         0
    1.0000    1.0000         0
    1.0000    1.0000         0
    1.0000    1.0000         0
    1.0000    1.0000         0
    1.0000    1.0000         0
    1.0000    1.0000         0
    1.0000    1.0000         0
    1.0000    0.9137         0
    1.0000    0.9137         0
    1.0000    0.9137         0
    1.0000    0.9137         0
    1.0000    0.9137         0
    1.0000    0.8314         0
    1.0000    0.8314         0
    1.0000    0.8314         0
    1.0000    0.8314         0
    1.0000    0.8314         0
    1.0000    0.8314         0
    1.0000    0.8314         0
    1.0000    0.8314         0
    1.0000    0.8314         0
    1.0000    0.8314         0
    1.0000    0.8314         0
    1.0000    0.8314         0
    1.0000    0.7059         0
    1.0000    0.7059         0
    1.0000    0.7059         0
    1.0000    0.7059         0
    1.0000    0.7059         0
    1.0000    0.5804         0
    1.0000    0.5804         0
    1.0000    0.5804         0
    1.0000    0.5804         0
    1.0000    0.5804         0
    1.0000    0.5804         0
    1.0000    0.5804         0
    1.0000    0.5804         0
    1.0000    0.5804         0
    1.0000    0.5804         0
    1.0000    0.5804         0
    1.0000    0.5804         0
    1.0000    0.4706         0
    1.0000    0.4706         0
    1.0000    0.4706         0
    1.0000    0.4706         0
    1.0000    0.4706         0
    1.0000    0.4500         0
    1.0000    0.4500         0
    1.0000    0.4500         0
    1.0000    0.4500         0
    1.0000    0.4500         0
    1.0000    0.4500         0
    1.0000    0.4500         0
    1.0000    0.4500         0
    1.0000    0.4500         0
    1.0000    0.4500         0
    1.0000    0.4500         0
    1.0000    0.4500         0
    1.0000    0.1961         0
    1.0000    0.1961         0
    1.0000    0.1961         0
    1.0000    0.1961         0
    1.0000    0.1961         0
    1.0000         0         0
    1.0000         0         0
    1.0000         0         0
    1.0000         0         0
    1.0000         0         0
    1.0000         0         0
    1.0000         0         0
    1.0000         0         0
    1.0000         0         0
    1.0000         0         0
    1.0000         0         0
    1.0000         0         0
    1.0000         0    0.2902
    1.0000         0    0.2902
    1.0000         0    0.2902
    1.0000         0    0.2902
    1.0000         0    0.2902
    1.0000         0    0.5804
    1.0000         0    0.5804
    1.0000         0    0.5804
    1.0000         0    0.5804
    1.0000         0    0.5804
    1.0000         0    0.5804
    1.0000         0    0.5804
    1.0000         0    0.5804
    1.0000         0    0.5804
    1.0000         0    0.5804
    1.0000         0    0.5804
    1.0000         0    0.5804
    1.0000         0    0.7843
    1.0000         0    0.7843
    1.0000         0    0.7843
    1.0000         0    0.7843
    1.0000         0    0.7843
    1.0000         0    1.0000
    1.0000         0    1.0000
    1.0000         0    1.0000
    1.0000         0    1.0000
    1.0000         0    1.0000
    1.0000         0    1.0000
    1.0000         0    1.0000
    1.0000         0    1.0000
    1.0000         0    1.0000
    1.0000         0    1.0000
    1.0000         0    1.0000
    1.0000         0    1.0000
    1.0000    0.5020    1.0000
    1.0000    0.5020    1.0000
    1.0000    0.5020    1.0000
    1.0000    0.5020    1.0000
    1.0000    0.5020    1.0000
    1.0000    1.0000    1.0000
    1.0000    1.0000    1.0000
    1.0000    1.0000    1.0000
    1.0000    1.0000    1.0000
    1.0000    1.0000    1.0000
    1.0000    1.0000    1.0000
    1.0000    1.0000    1.0000
    1.0000    1.0000    1.0000
    1.0000    1.0000    1.0000
    1.0000    1.0000    1.0000
    1.0000    1.0000    1.0000
    1.0000    1.0000    1.0000
    ];
