function qZpos =  undulatorQuadCenters()
%
% qZpos =  undulatorQuadCenters()
%
% Returns the z position of the centers of each of undulator quadrupoles in
% LCLS (ST100) based coordinates.
qZpos = [...
518.867182
522.737182
526.607182
530.905182
534.775182
538.645182
542.943182
546.813182
550.683182
554.981182
558.851182
562.721182
567.019182
570.889182
574.759182
579.057182
582.927182
586.797182
591.095182
594.965182
598.835182
603.133182
607.003182
610.873182
615.171182
619.041182
622.911182
627.209182
631.079182
634.949182
639.247182
643.117182
646.987182];